1, 0, 11
1, 3, 5, 2, 2, 5, -0.0233279
1, 3, 5, 1, 4, 7, 0.0121646
1, 3, 7, 2, 2, 5, 0.0101406
1, 3, 7, 1, 4, 7, 0.0113778
1, 3, 7, 1, 4, 9, 0.0813894
1, 5, 9, 1, 4, 7, 0.0634719
1, 5, 9, 1, 4, 9, -0.413212
1, 5, 9, 0, 6, 11, 0.166734
1, 5, 11, 1, 4, 9, -0.0804694
1, 5, 11, 0, 6, 11, -0.0171269
1, 5, 11, 0, 6, 13, -0.274029
1, 1, 11
1, 3, 5, 2, 2, 5, 0.013752
1, 3, 5, 1, 4, 7, -0.00717109
1, 3, 7, 2, 2, 5, -0.00597797
1, 3, 7, 1, 4, 7, -0.00670728
1, 3, 7, 1, 4, 9, -0.0479795
1, 5, 9, 1, 4, 7, -0.0374171
1, 5, 9, 1, 4, 9, 0.243591
1, 5, 9, 0, 6, 11, -0.0982909
1, 5, 11, 1, 4, 9, 0.0474372
1, 5, 11, 0, 6, 11, 0.0100964
1, 5, 11, 0, 6, 13, 0.161542
2, 0, 16
1, 3, 5, 2, 2, 5, -0.011664
1, 3, 5, 1, 4, 7, 0.0111047
1, 3, 5, 1, 4, 9, 0.0474719
1, 3, 7, 2, 2, 5, 0.00925709
1, 3, 7, 1, 4, 7, 0.00124638
1, 3, 7, 1, 4, 9, 0.0567986
1, 3, 7, 0, 6, 11, -0.0142923
1, 5, 9, 2, 2, 5, 0.0308616
1, 5, 9, 1, 4, 7, 0.0442947
1, 5, 9, 1, 4, 9, 0.0715704
1, 5, 9, 0, 6, 11, 0.0943947
1, 5, 9, 0, 6, 13, 0.965994
1, 5, 11, 1, 4, 7, 0.00537926
1, 5, 11, 1, 4, 9, -0.0455568
1, 5, 11, 0, 6, 11, 0.00696
1, 5, 11, 0, 6, 13, -0.130638
2, 1, 16
1, 3, 5, 2, 2, 5, 0.00687599
1, 3, 5, 1, 4, 7, -0.00654628
1, 3, 5, 1, 4, 9, -0.027985
1, 3, 7, 2, 2, 5, -0.00545711
1, 3, 7, 1, 4, 7, -0.000734746
1, 3, 7, 1, 4, 9, -0.0334832
1, 3, 7, 0, 6, 11, 0.00842541
1, 5, 9, 2, 2, 5, -0.0181931
1, 5, 9, 1, 4, 7, -0.026112
1, 5, 9, 1, 4, 9, -0.0421912
1, 5, 9, 0, 6, 11, -0.0556463
1, 5, 9, 0, 6, 13, -0.56946
1, 5, 11, 1, 4, 7, -0.00317111
1, 5, 11, 1, 4, 9, 0.026856
1, 5, 11, 0, 6, 11, -0.00410296
1, 5, 11, 0, 6, 13, 0.077012
3, 0, 19
1, 3, 5, 2, 2, 5, -0.00388799
1, 3, 5, 1, 4, 7, 0.00573443
1, 3, 5, 1, 4, 9, 0.0413189
1, 3, 5, 0, 6, 11, -0.00717471
1, 3, 7, 2, 2, 5, 0.00478034
1, 3, 7, 1, 4, 7, -0.00242575
1, 3, 7, 1, 4, 9, 0.0131171
1, 3, 7, 0, 6, 11, -0.00967111
1, 3, 7, 0, 6, 13, -0.0712665
1, 5, 9, 2, 2, 5, 0.0268616
1, 5, 9, 1, 4, 7, 0.0102294
1, 5, 9, 1, 4, 9, 0.151607
1, 5, 9, 0, 6, 11, 0.00291308
1, 5, 9, 0, 6, 13, 0.536664
1, 5, 11, 2, 2, 5, 0.00225109
1, 5, 11, 1, 4, 7, 0.00363996
1, 5, 11, 1, 4, 9, -0.00140591
1, 5, 11, 0, 6, 11, 0.00762894
1, 5, 11, 0, 6, 13, 0.0168653
3, 1, 19
1, 3, 5, 2, 2, 5, 0.002292
1, 3, 5, 1, 4, 7, -0.00338048
1, 3, 5, 1, 4, 9, -0.0243578
1, 3, 5, 0, 6, 11, 0.00422954
1, 3, 7, 2, 2, 5, -0.00281804
1, 3, 7, 1, 4, 7, 0.00143
1, 3, 7, 1, 4, 9, -0.0077326
1, 3, 7, 0, 6, 11, 0.00570118
1, 3, 7, 0, 6, 13, 0.0420121
1, 5, 9, 2, 2, 5, -0.0158351
1, 5, 9, 1, 4, 7, -0.00603031
1, 5, 9, 1, 4, 9, -0.0893735
1, 5, 9, 0, 6, 11, -0.00171728
1, 5, 9, 0, 6, 13, -0.316367
1, 5, 11, 2, 2, 5, -0.00132703
1, 5, 11, 1, 4, 7, -0.00214578
1, 5, 11, 1, 4, 9, 0.000828795
1, 5, 11, 0, 6, 11, -0.00449731
1, 5, 11, 0, 6, 13, -0.00994221
4, 0, 20
1, 3, 5, 2, 2, 5, -0.000777598
1, 3, 5, 1, 4, 7, 0.001729
1, 3, 5, 1, 4, 9, 0.0184784
1, 3, 5, 0, 6, 11, -0.0052648
1, 3, 5, 0, 6, 13, -0.028396
1, 3, 7, 2, 2, 5, 0.00144133
1, 3, 7, 1, 4, 7, -0.00162845
1, 3, 7, 1, 4, 9, -0.00469667
1, 3, 7, 0, 6, 11, -0.0022886
1, 3, 7, 0, 6, 13, -0.0411457
1, 5, 9, 2, 2, 5, 0.0120129
1, 5, 9, 1, 4, 7, -0.00366272
1, 5, 9, 1, 4, 9, 0.0503042
1, 5, 9, 0, 6, 11, -0.017234
1, 5, 9, 0, 6, 13, 0.0489905
1, 5, 11, 2, 2, 5, 0.00165185
1, 5, 11, 1, 4, 7, 0.000861371
1, 5, 11, 1, 4, 9, 0.0083175
1, 5, 11, 0, 6, 11, 0.00125449
1, 5, 11, 0, 6, 13, 0.030701
4, 1, 20
1, 3, 5, 2, 2, 5, 0.000458399
1, 3, 5, 1, 4, 7, -0.00101925
1, 3, 5, 1, 4, 9, -0.0108931
1, 3, 5, 0, 6, 11, 0.00310363
1, 3, 5, 0, 6, 13, 0.0167396
1, 3, 7, 2, 2, 5, -0.000849671
1, 3, 7, 1, 4, 7, 0.000959982
1, 3, 7, 1, 4, 9, 0.00276872
1, 3, 7, 0, 6, 11, 0.00134915
1, 3, 7, 0, 6, 13, 0.0242557
1, 5, 9, 2, 2, 5, -0.00708167
1, 5, 9, 1, 4, 7, 0.0021592
1, 5, 9, 1, 4, 9, -0.0296547
1, 5, 9, 0, 6, 11, 0.0101596
1, 5, 9, 0, 6, 13, -0.0288802
1, 5, 11, 2, 2, 5, -0.000973776
1, 5, 11, 1, 4, 7, -0.000507784
1, 5, 11, 1, 4, 9, -0.00490322
1, 5, 11, 0, 6, 11, -0.00073953
1, 5, 11, 0, 6, 13, -0.0180984
5, 0, 20
1, 3, 5, 2, 2, 5, 0.0177434
1, 3, 5, 1, 4, 7, 0.0112082
1, 3, 5, 1, 4, 9, -0.0449716
1, 3, 5, 0, 6, 11, -0.00933349
1, 3, 5, 0, 6, 13, 0.0148293
1, 3, 7, 2, 2, 5, 0.00934339
1, 3, 7, 1, 4, 7, 0.00872708
1, 3, 7, 1, 4, 9, -0.0616491
1, 3, 7, 0, 6, 11, -0.0122581
1, 3, 7, 0, 6, 13, 0.0607763
1, 5, 9, 2, 2, 5, -0.0292362
1, 5, 9, 1, 4, 7, -0.0480774
1, 5, 9, 1, 4, 9, 0.387877
1, 5, 9, 0, 6, 11, 0.103925
1, 5, 9, 0, 6, 13, -0.825283
1, 5, 11, 2, 2, 5, 0.00292842
1, 5, 11, 1, 4, 7, 0.00461363
1, 5, 11, 1, 4, 9, -0.0501564
1, 5, 11, 0, 6, 11, -0.0193611
1, 5, 11, 0, 6, 13, 0.176161
5, 1, 20
1, 3, 5, 2, 2, 5, -0.0104598
1, 3, 5, 1, 4, 7, -0.00660731
1, 3, 5, 1, 4, 9, 0.026511
1, 3, 5, 0, 6, 11, 0.00550215
1, 3, 5, 0, 6, 13, -0.00874199
1, 3, 7, 2, 2, 5, -0.00550799
1, 3, 7, 1, 4, 7, -0.00514467
1, 3, 7, 1, 4, 9, 0.0363425
1, 3, 7, 0, 6, 11, 0.00722622
1, 3, 7, 0, 6, 13, -0.035828
1, 5, 9, 2, 2, 5, 0.0172349
1, 5, 9, 1, 4, 7, 0.0283419
1, 5, 9, 1, 4, 9, -0.228656
1, 5, 9, 0, 6, 11, -0.0612645
1, 5, 9, 0, 6, 13, 0.48651
1, 5, 11, 2, 2, 5, -0.00172632
1, 5, 11, 1, 4, 7, -0.00271977
1, 5, 11, 1, 4, 9, 0.0295675
1, 5, 11, 0, 6, 11, 0.0114135
1, 5, 11, 0, 6, 13, -0.103848
